# Created by Octave 3.8.1, Sat Jun 20 10:57:44 2015 EDT <luisitobarcito@Elbarrigon>
# name: CC7_outliers
# type: cell
# rows: 1
# columns: 7
# name: <cell-element>
# type: matrix
# rows: 63
# columns: 2
 -0.2565865291460382 -0.1213904109952676
 -0.2786079861511589 -0.129646282812009
 -0.3123330731033712 -0.1253164582245227
 -0.3370667034195483 -0.1145644458248846
 -0.3539683103283589 -0.09278931957142203
 -0.364519386408428 -0.06971074464532429
 -0.3630067406539616 -0.05006036413357125
 -0.3454443237337307 -0.03528476982977166
 -0.3268556204994308 -0.02388945375282843
 -0.298494616325618 -0.01852078150854478
 -0.2750039148016262 -0.00591100284676277
 -0.2478384649480083 0.004766522977987547
 -0.2112573886824216 0.01815350496281021
 -0.1785021483917836 0.03604963439702102
 -0.1442498955424703 0.04549499595044498
 -0.1010548006482985 0.06551053786089586
 -0.06445053956735625 0.08467777832402379
 -0.0249368548470168 0.09715551379212606
 0.003726301102727536 0.1084629451272964
 0.03224095989082099 0.1140505777962983
 0.05910950504181567 0.1120809541114941
 0.08757252631858714 0.1066639502380657
 0.1160407286674048 0.09936311740129453
 0.1412807825721332 0.09336368583492374
 0.166970951192299 0.09125701749606496
 0.1845593316258402 0.08799630894368121
 0.2068233622432351 0.08927697994161032
 0.2312250986973196 0.090868610719014
 0.2513416750103323 0.08937495461871761
 0.2741854077301955 0.08720211701744557
 0.2968576382722075 0.0784908129023752
 0.3185538944573068 0.06455695659152716
 0.3346404916822368 0.04582970264334033
 0.3399130335213654 0.01632533169734973
 0.3410068751891804 -0.006880266690358405
 0.3259655753239767 -0.02475856583433099
 0.3046188901753788 -0.03317956141172179
 0.2792523157663687 -0.03071868827949496
 0.2685100013929049 -0.01918046282395665
 0.2641252818889552 0.003365143404668702
 0.2584688985478029 0.02444746246589458
 0.2434688564618557 0.03445158637520612
 0.2232287455024401 0.05267757185734587
 0.2080363198328334 0.05950983079394981
 0.1875526208050227 0.06679986086005468
 0.1683919455281783 0.06955381289257023
 0.1538369287959243 0.07178846971749389
 0.1204120996713663 0.07603666985944238
 0.08922855434363497 0.08109149688191702
 0.07459502479894775 0.08377063000713184
 0.04208871704422168 0.07955885386683179
 0.004405229436691083 0.07014500219475933
 -0.03574771563955215 0.0576100680105604
 -0.07428784726725091 0.04140252172756931
 -0.1103274652160452 0.02595702106086786
 -0.1490112379016073 0.007452709571049085
 -0.1811271178634443 -0.01310930394517881
 -0.2011072256413466 -0.02702780432079489
 -0.233682992896354 -0.04343202245630706
 -0.2617556222747975 -0.05893081609992674
 -0.2832215381420596 -0.07164768133917082
 -0.2810336455138497 -0.0904810360975897
 -0.2583455746994641 -0.1026480863780851



# name: <cell-element>
# type: matrix
# rows: 63
# columns: 2
 -0.2246640228185716 -0.155619369073557
 -0.2479736738251158 -0.1679079915878121
 -0.2821800216786519 -0.1670548800326628
 -0.3071618900275301 -0.1572075536034825
 -0.3233351899945757 -0.1333935234716391
 -0.333587437343016 -0.1063231990359787
 -0.3313887489446927 -0.08169529990485792
 -0.3119616736515475 -0.0608387802096326
 -0.292146333922373 -0.04349809374120672
 -0.2622886616575423 -0.03247932833569175
 -0.238691300684944 -0.01327846977266325
 -0.2115524168574381 0.002917429537239641
 -0.175164427972392 0.02175594733405511
 -0.1431228616918561 0.04411154696175226
 -0.1087819257249333 0.05514058771081523
 -0.06642895301422524 0.07688156190502629
 -0.03122147217779792 0.09649996869643737
 0.006781143278010271 0.1070826905549504
 0.03358971790426868 0.1167231505884709
 0.0602476731106466 0.1193991555000628
 0.08535382481201348 0.1132946921242579
 0.1114243576036754 0.1028431461398299
 0.136877456345777 0.09035966744200374
 0.1590432423366397 0.0801715209352547
 0.1815154271147674 0.07474863839895252
 0.1968513984632791 0.0693106405326771
 0.216502939149923 0.06882578142363535
 0.2382400122675813 0.06907875215029921
 0.2562865045696339 0.06675605404085122
 0.2770670052894755 0.06429959214172934
 0.2978479887085903 0.05560094481629552
 0.3179328285354053 0.04223461761962141
 0.3328072028823081 0.02428820795559833
 0.336932080363388 -0.004875784609347858
 0.337274935242674 -0.02744593473940823
 0.3218984174627166 -0.04599078863904262
 0.3008065417449386 -0.05552509360354016
 0.2765744130943764 -0.0544286888413785
 0.2669355421326454 -0.04377094469331835
 0.2639368145743921 -0.02206523350550106
 0.2598082400018655 -0.001237869174283382
 0.2466604678100714 0.009004290061908601
 0.2294547404231878 0.02848884786344585
 0.2163148386108613 0.03653536876456404
 0.1986296567735233 0.04587000366404165
 0.1819746127718912 0.05064410185734891
 0.1693579442298909 0.05463726007283748
 0.1403088937012907 0.06339563855463726
 0.1129807871159251 0.07331468439393851
 0.0999914591817701 0.07843577146587916
 0.07067305821474201 0.0782013221950342
 0.03604498320541594 0.07236599057555121
 -0.001660174474366061 0.06246621526399074
 -0.03856320442079053 0.04701656504980453
 -0.07362524842967921 0.03099946160319794
 -0.1116093717952107 0.009924715501198486
 -0.1432280193987351 -0.01547731302267234
 -0.1629909249053237 -0.03362922008940256
 -0.1954411542972783 -0.05691925778655874
 -0.2239014273894396 -0.08003542020703602
 -0.2462706859110947 -0.09927008409134466
 -0.2454760405519288 -0.1225669853220862
 -0.2239458816915009 -0.1340640112521768



